0 0.0023738835530829777
1 0.007357169530802509
2 0.0023738835530829777
3 0.004730183643221926
4 0.007357169530802508
5 0.006764166203542686
6 0.0023738835530829777
7 0.015952765445278187
8 0.01595276544527819
9 0.0023929194215728204
10 0.0023738835530829777
11 0.0023929194215728204
12 0.00788808796478256
13 0.0023929194215728204
14 0.0023929194215728204
15 0.0023929194215728204
16 0.0023929194215728204
17 0.004709369656976621
18 0.0023738835530829777
19 0.0023929194215728204
20 0.003702269909199152
21 0.003635009840535042
22 0.0023929194215728204
23 0.0023738835530829777
24 0.003382784583044629
25 0.0023738835530829777
26 0.0023738835530829777
27 0.003409910701733191
28 0.0023929194215728204
29 0.0023738835530829777
30 0.0023738835530829777
31 0.0023738835530829777
32 0.0023738835530829777
33 0.0023738835530829777
34 0.008646581049606743
35 0.059359871120031514
36 0.04707494460349082
37 0.0028924838874076707
38 0.00492200954579762
39 0.0028924838874076707
40 0.0023929194215728204
41 0.0023929194215728204
42 0.005812087553111144
43 0.006311652018945995
44 0.049477702437250894
45 0.0023929194215728204
46 0.0023929194215728204
47 0.00254937961852057
48 0.04673184033460372
49 0.0023929194215728204
50 0.0023929194215728204
51 0.0023929194215728204
52 0.00804508428025353
53 0.0023929194215728204
54 0.0023929194215728204
55 0.003632866532620529
56 0.26162197865178677
57 0.0023738835530829777
58 0.047231404800438574
59 0.0023929194215728204
60 0.00254937961852057
61 0.00254937961852057
62 0.004641235107339117
63 0.0023929194215728204
64 0.0033389581658627974
65 0.0033389581658627974
66 0.0023929194215728204
67 0.0023738835530829777
68 0.0023738835530829777
69 0.0023738835530829777
70 0.0023738835530829777
71 0.0023738835530829777
72 0.003046484239724079
73 0.0023929194215728204
74 0.0023738835530829777
75 0.0023929194215728204
76 0.0023738835530829777
77 0.0023738835530829777
78 0.037506007983870215
79 0.04130952883909349
80 0.018332962129518172
81 0.0023929194215728204
82 0.0034099107017331923
83 0.02047075545021673
84 0.0023929194215728204
85 0.0023929194215728204
86 0.002373883553082978
87 0.01595276544527819
88 0.006930590710361279
89 0.0053384262908527415
90 0.002373883553082978
91 0.002373883553082978
92 0.0069305907103612745
93 0.005408177829995514
94 0.002373883553082978
95 0.002373883553082978
96 0.002373883553082978
97 0.002373883553082978
98 0.005295958614762659
99 0.002373883553082978
100 0.01595276544527818
101 0.005338426290852739
102 0.002373883553082978
103 0.0023929194215728204
104 0.003382784583044631
105 0.002373883553082978
106 0.006358833201356824
